 2022005 82 83 74 5
 2022030 94 66 35 27
 2022007 5 50 37 30
 2022016 74 68 -1 74
 2022010 29 58 52 19
 2022008 65 20 31 78
 2022015 94 57 49 86
 2022018 67 31 89 17
 2022009 19 69 17 70
 2022006 -1 47 92 -1
 2022004 54 87 79 33
 2022014 60 27 65 84
 2022013 81 74 60 51
 2022000 89 86 34 50
 2022011 10 78 94 35
 2022031 66 88 47 80
 2022020 62 21 55 21
 2022003 63 -1 70 75
 2022002 7 55 13 24
 2022022 77 35 65 25
 2022026 15 30 71 61
 2022019 73 10 17 79
 2022028 46 16 71 69
 2022024 61 23 55 81
 2022001 91 67 7 21
 2022021 39 -1 -1 93
 2022023 85 62 22 29
 2022025 92 82 50 12
 2022017 69 26 31 48
 2022012 84 43 84 87
 2022029 16 60 61 34
 2022027 40 73 20 36
